mode = biparametric
[ODE_System]
r =  0.180
a =  1.6
b = -1.58
[InitialFixedPoint]
g1 = 3.80393132
g2 = 5.36804525
g3 = 1.2
g4 = 2.97800198
[IntegratorParams]
eventTol = 1e-12
rtol = 1e-13
atol = 1e-13
approximateReturnTime = 50.0
fixPtTol = 1e-12
fixPtMaxIter = 50
mapIterSkip = 2000
mapIterLast = 6000
[biparametric]
v1_name = r
v1_min = 0.180
v1_max = 0.182
v1_N = 2
v2_name = a
v2_min = 1.600
v2_max = 1.602
v2_N = 2