mode = Biparametric
[OdeSystem]
r =  0.180
a =  1.6
b = -1.58
[InitialFixedPoint]
g1 = 3.80393132
g2 = 5.36804525
g3 = 1.2
g4 = 2.97800198
[IntegratorParams]
rtol = 1e-13
atol = 1e-13
[EventParams]
eventTol = 1e-12
approximateReturnTime = 50.0
skipTime = 1e-4
[FixedPointParams]
fixPtTol = 1e-12
fixPtMaxIter = 50
jacobiNewtonEps = 1e-9
jacobiFixPtTypeEps = 1e-9
fixPtEpsNewtonStep = 1.0
[TrajectoryParams]
mapIterSkip = 2000
mapIterLast = 6000
[Biparametric]
v1_name = r
v1_min = 0.180
v1_max = 0.182
v1_N = 2
v2_name = a
v2_min = 1.600
v2_max = 1.602
v2_N = 2
[Flow]
g1 = 3.80393132
g2 = 5.36804525
g3 = 1.2
g4 = 2.97800198
maxTime = 2.0
timeStep = 0.01
